0
2
2
-16
-51
-78
-55
39
174
269
230
18
-299
-554
-563
-235
331
864
1034
650
-195
-1116
-1596
-1270
-170
1222
2168
2058
783
-1120
-2675
-2960
-1639
763
3041
3904
2699
-144
-3218
-4828
-3916
-730
3173
5673
5232
1823
-2904
-6404
-6597
-3095
2425
7001
7965
4494
-1772
-7469
-9310
-5975
984
7824
10613
7489
-120
-8104
-11875
-9004
-770
8349
13101
10481
1624
-8616
-14313
-11896
-2387
8956
15527
13219
2997
-9428
-16765
-14424
-3396
10083
18038
15473
3521
-10973
-19354
-16326
-3313
12133
20697
16923
2706
-13592
-22039
-17198
-1642
15353
23320
17064
64
-17402
-24460
-16428
2062
19682
25339
15182
-4759
-22107
-25816
-13230
8001
24534
25715
10480
-11727
-26778
-24852
-6884
15801
28596
23036
2436
-20022
-29711
-20106
2778
24101
29814
15948
-8583
-27675
-28604
-10550
14673
30313
25822
4018
-20624
-31560
-21312
3366
25889
30978
15067
-11145
-29848
-28230
-7301
18670
31860
23147
-1527
-25168
-31409
-15868
10716
29857
28170
6772
-19392
-31953
-22026
3451
26508
30801
13224
-13778
-30977
-26053
-2468
22908
31830
17819
-9072
-29420
-28449
-6803
19815
31993
20785
-5664
-27976
-29719
-9550
17691
31855
22394
-3725
-27089
-30249
-10783
16782
31762
22846
-3308
-26983
-30242
-10554
17174
31838
22205
-4424
-27682
-29695
-8854
18831
31984
20381
-7045
-29015
-28399
-5615
21577
31880
17156
-11078
-30600
-25964
-775
25048
30985
12255
-16266
-31806
-21883
5608
28610
28578
5477
-22072
-31753
-15659
13186
31303
23866
-3107
-27552
-29382
-7029
21136
31856
16211
-12892
-31302
-23662
3723
28016
28863
5493
-22512
-31575
-14000
15423
31802
21202
-7434
-29757
-26698
-807
25792
30271
8720
-20359
-31884
-15844
13935
31637
21836
-6998
-29743
-26492
-27
26478
29715
6772
-22164
-31519
-12956
17119
31990
18372
-11653
-31278
-22898
6036
29562
26476
-504
-27046
-29112
-4766
23926
30850
9635
-20399
-31776
-14016
16634
31991
17856
-12784
-31612
-21144
8969
30755
23887
-5292
-29538
-26120
1822
28066
27885
1385
-26441
-29241
-4300
24743
30244
6900
-23052
-30957
-9184
21423
31434
11151
-19912
-31733
-12814
18554
31899
14181
-17385
-31978
-15271
16423
31999
16091
-15690
-31995
-16659
15194
31982
16978
-14946
-31977
-17058
14947
31979
16895
-15199
-31992
-16492
15695
32000
15838
-16433
-31989
-14927
17395
31932
13743
-18569
-31800
-12276
19926
31548
10509
-21441
-31134
-8435
23068
30503
6041
-24762
-29601
-3333
26457
28365
314
-28084
-26738
2987
29552
24661
-6536
-30767
-22088
10269
31618
18978
-14109
-31993
-15316
17945
31770
11106
-21647
-30837
-6387
25054
29088
1234
-27989
-26445
4231
30253
22855
-9844
-31646
-18321
15386
31970
12895
-20600
-31056
-6705
25184
28769
-46
-28824
-25051
7070
31193
19919
-14007
-32000
-13508
20421
31004
6068
-25843
-28067
2015
29788
23177
-10240
-31813
-16492
17996
31559
8349
-24616
-28822
713
29425
23594
-9989
-31822
-16124
18630
31354
6926
-25735
-27819
3213
30427
21320
-13288
-31997
-12334
22153
30002
1705
-28663
-24404
9392
31818
15628
-19569
-30955
-4601
27382
25890
-7313
-31560
-17048
18442
31225
5484
-27044
-26119
7176
31577
16739
-18943
-31025
-4380
27751
25148
-8990
-31853
-14669
20995
30193
1259
-29279
-22742
12645
31982
10638
-24268
-28226
3878
31031
18432
-17824
-31190
-4425
28052
24338
-10832
-31997
-11700
23789
28371
-3973
-31151
-17679
18906
30756
2294
-29190
-22316
13936
31830
7713
-26609
-25720
9263
31961
12180
-23822
-28083
5142
31504
15704
-21152
-29629
1716
30762
18354
-18832
-30577
-943
29979
20224
-17020
-31114
-2812
29336
21407
-15818
-31381
-3893
28953
21974
-15281
-31468
-4189
28892
21963
-15433
-31406
-3705
29163
21372
-16267
-31172
-2437
29723
20163
-17746
-30687
-378
30473
18264
-19797
-29816
2469
31255
15582
-22294
-28380
6069
31847
12022
-25050
-26163
10340
31967
7516
-27791
-22941
15111
31275
2062
-30156
-18512
20101
29405
-4236
-31692
-12751
24890
26000
-11110
-31878
-5672
28910
20784
-18094
-30179
2495
31472
13655
-24499
-26139
11240
31827
4788
-29434
-19503
19729
29294
-5259
-31890
-10378
26828
23432
-15480
-30911
621
31215
14267
-24446
-25838
12275
31604
2493
-30452
-16612
22789
27092
-10391
-31837
-4062
30007
17570
-22139
-27456
9940
31860
4094
-30072
-17230
22586
27010
-10951
-31716
-2594
30619
15555
-24072
-25655
13364
31214
-455
-31409
-12417
26350
23116
-17016
-29964
5027
31971
7642
-28964
-19012
21544
27387
-10959
-31610
-1140
31181
12956
-26303
-22825
17789
29432
-6925
-31982
-4762
30256
15701
-24616
-24510
15901
30139
-5299
-31999
-5836
29984
16155
-24462
-24482
16183
29928
-6178
-31988
-4395
30548
14374
-25887
-22733
18596
28666
-9514
-31668
-399
31548
10153
-28435
-18836
22724
25687
-15037
-30165
6122
31966
3200
-31045
-12135
27580
19965
-21956
-26116
14697
30176
-6427
-31931
-2202
31343
10550
-28559
-18047
23861
24217
-17651
-28716
10396
31325
-2605
-31973
-5225
30707
12624
-27694
-19191
23184
24598
-17500
-28614
10998
31094
-4054
-31996
-2969
31353
9727
-29280
-15926
25942
21315
-21560
-25713
16371
28987
-10635
-31075
4606
31962
1469
-31689
-7371
30333
12899
-28011
-17897
24855
22234
-21023
-25821
16672
28600
-11965
-30550
7056
31671
-2091
-31998
-2801
31577
7504
-30478
-11925
28773
15985
-26552
-19629
23899
22813
-20906
-25519
17656
27734
-14235
-29466
10714
30726
-7165
-31542
3643
31943
-203
-31967
-3116
31650
6275
-31038
-9254
30169
12029
-29089
-14592
27833
16933
-26443
-19056
24953
20958
-23397
-22653
21803
24144
-20200
-25448
18609
26574
-17054
-27541
15549
28360
-14112
-29050
12753
29621
-11485
-30092
10314
30472
-9249
-30779
8293
31020
-7454
-31208
6730
31343
-6124
-31418
5634
31434
-5265
-31399
5015
31315
-4887
-31186
4876
31010
-4985
-30790
5206
30522
-5541
-30207
5981
29836
-6525
-29409
7162
28916
-7890
-28355
8696
27714
-9574
-26992
10509
26176
-11493
-25264
12509
24245
-13545
-23118
14581
21873
-15603
-20513
16587
19031
-17518
-17434
18370
15720
-19126
-13901
19761
11982
-20257
-9981
20590
7910
-20745
-5793
20701
3651
-20448
-1514
19973
-592
-19274
2629
18345
-4569
-17195
6373
15832
-8009
-14277
9440
12548
-10640
-10681
11578
8708
-12236
-6673
12597
4619
-12655
-2597
12410
655
-11876
1155
11070
-2791
-10026
4205
8779
-5367
-7380
6247
5879
-6832
-4336
7113
2807
-7104
-1353
6820
24
-6297
1130
5576
-2077
-4709
2787
3750
-3254
-2761
3476
1795
-3474
-907
3273
137
-2918
481
2451
-932
-1927
1208
1390
-1323
-889
1297
455
-1164
-118
959
-117
-724
246
490
-288
-291
261
139
-197
-45
119
0
-54
7
12
-2
0
