0
1
-11
-27
6
81
68
-95
-208
-30
298
296
-183
-564
-209
581
732
-171
-1058
-604
839
1375
29
-1624
-1252
978
2189
481
-2177
-2150
918
3114
1217
-2634
-3267
603
4076
2238
-2926
-4551
4
5004
3518
-3003
-5943
-884
5838
5016
-2837
-7380
-2038
6535
6680
-2426
-8812
-3424
7070
8456
-1787
-10197
-4994
7441
10293
-956
-11512
-6692
7662
12149
21
-12748
-8467
7766
13991
1088
-13911
-10264
7795
15795
2184
-15019
-12034
7800
17546
3247
-16098
-13732
7839
19236
4215
-17179
-15315
7969
20857
5025
-18295
-16741
8247
22403
5618
-19473
-17969
8727
23864
5935
-20737
-18952
9454
25220
5921
-22097
-19644
10465
26442
5525
-23551
-19991
11785
27489
4701
-25078
-19935
13419
28305
3413
-26637
-19417
15357
28818
1636
-28166
-18378
17562
28946
-633
-29577
-16764
19968
28596
-3378
-30762
-14535
22482
27672
-6550
-31590
-11672
24976
26084
-10063
-31919
-8186
27293
23758
-13792
-31603
-4130
29268
20674
-17606
-30597
399
30824
16879
-21384
-28829
5308
31787
12359
-24935
-26174
10464
31953
7143
-28029
-22539
15675
31120
1326
-30402
-17880
20687
29106
-4926
-31774
-12224
25192
25774
-11358
-31866
-5690
28831
21060
-17628
-30428
1495
31222
15001
-23316
-27278
8983
31993
7767
-27939
-22345
16305
30823
-314
-30991
-15708
22889
27498
-8755
-31995
-7633
28096
21971
-16909
-30572
1397
31282
14417
-24012
-26514
10686
31878
5276
-29246
-19868
19356
29489
-4731
-31836
-11000
26414
24002
-14627
-31178
-629
30873
15678
-23251
-26969
10184
31897
5210
-29392
-19342
20114
28976
-6270
-31970
-8948
27723
22091
-17275
-30251
3022
31675
11842
-26133
-24059
14914
31003
-515
-31246
-13940
24814
25372
-13153
-31410
-1227
30853
15292
-23900
-26145
12058
31598
2194
-30615
-15947
23469
26445
-11670
-31646
-2393
30588
15927
-23560
-26309
11996
31573
1821
-30782
-15235
24161
25718
-13031
-31350
-479
31147
13841
-25226
-24618
14737
30886
-1636
-31582
-11702
26654
22907
-17050
-30045
4507
31925
8759
-28298
-20466
19854
28641
-8092
-31961
-4975
29935
17155
-22974
-26462
12285
31415
345
-31281
-12864
26148
23277
-16904
-29980
5053
31974
7525
-29025
-18890
21650
27325
-11035
-31606
-1186
31151
13169
-26100
-23163
17258
29737
-5963
-32000
-6133
29691
17297
-23207
-25981
13513
31012
-2003
-31758
-9724
28178
20075
-20826
-27688
10737
31592
714
-31338
-12014
27020
21704
-19260
-28577
9095
31806
2156
-31049
-13081
26460
22341
-18668
-28839
8661
31838
2324
-31042
-12977
26604
22054
-19103
-28538
9450
31727
1220
-31321
-11695
27424
20813
-20527
-27600
11432
31358
-1161
-31741
-9177
28762
18489
-22798
-25827
14513
30471
-4798
-31999
-5344
30312
14892
-25639
-22920
18487
28673
-9597
-31643
-155
31597
9831
-28599
-18535
22978
25484
-15300
-30083
6292
31962
3215
-31012
-12382
27366
20417
-21394
-26659
13645
30613
-4808
-32000
-4370
30752
13129
-27028
-20777
21172
26726
-13691
-30549
5198
31990
3632
-30994
-12130
27682
19664
-22351
-25706
15430
29847
-7454
-31835
-994
31573
9310
-29133
-16929
24724
23345
-18691
-28161
11466
31093
-3550
-31997
-4535
30856
12271
-27794
-19187
23041
24874
-16928
-29022
9850
31415
-2250
-31960
-5420
30666
12719
-27653
-19249
23128
24664
-17380
-28702
10745
31176
-3599
-32000
-3675
31170
10698
-28772
-17126
24964
22654
-19973
-27039
14065
30099
-7549
-31729
741
31888
6038
-30612
-12488
27994
18331
-24189
-23334
19388
27304
-13825
-30111
7746
31668
-1417
-31952
-4908
30986
10980
-28847
-16579
25647
21505
-21540
-25601
16698
28743
-11320
-30853
5605
31886
237
-31846
-6011
30762
11527
-28708
-16621
25777
21142
-22091
-24976
17783
28026
-13006
-30233
7910
31559
-2653
-32000
-2616
31573
7751
-30322
-12625
28305
17118
-25607
-21135
22314
24589
-18533
-27424
14367
29592
-9932
-31074
5334
31858
-683
-31959
-3921
31398
8381
-30218
-12616
28463
16548
-26195
-20116
23475
23267
-20376
-25964
16968
28174
-13326
-29886
9519
31089
-5622
-31791
1697
31998
2188
-31737
-5982
31028
9628
-29907
-13085
28408
16312
-26573
-19280
24439
21960
-22053
-24337
19456
26394
-16692
-28128
13800
29533
-10823
-30615
7795
31378
-4756
-31836
1732
31999
1242
-31886
-4145
31513
6950
-30902
-9642
30072
12201
-29047
-14617
27845
16877
-26493
-18977
25008
20909
-23415
-22673
21730
24266
-19976
-25692
18167
26952
-16325
-28054
14460
29000
-12592
-29801
10728
30461
-8885
-30991
7069
31398
-5293
-31694
3560
31884
-1882
-31983
259
31995
1299
-31934
-2794
31806
4218
-31622
-5574
31388
6856
-31116
-8067
30810
9204
-30480
-10271
30130
11265
-29771
-12190
29404
13044
-29038
-13832
28676
14552
-28326
-15209
27988
15801
-27670
-16335
27371
16806
-27098
-17222
26851
17579
-26635
-17883
26448
18130
-26297
-18327
26177
18469
-26096
-18561
26048
18600
-26039
-18589
26065
18526
-26128
-18412
26226
18245
-26361
-18027
26527
17753
-26728
-17427
26957
17043
-27217
-16603
27501
16103
-27810
-15545
28137
14922
-28482
-14239
28837
13487
-29202
-12671
29568
11784
-29933
-10830
30288
9803
-30630
-8706
30950
7534
-31243
-6292
31498
4976
-31711
-3591
31870
2133
-31971
-611
31999
-978
-31950
2625
31811
-4329
-31575
6081
31230
-7877
-30770
9706
30182
-11560
-29461
13426
28596
-15296
-27582
17151
26409
-18982
-25076
20767
23574
-22493
-21906
24139
20066
-25687
-18060
27115
15886
-28403
-13556
29527
11074
-30469
-8455
31203
5709
-31711
-2858
31969
-80
-31962
3079
31668
-6114
-31076
9152
30171
-12162
-28946
15105
27393
-17946
-25515
20639
23313
-23149
-20800
25426
17987
-27432
-14901
29122
11566
-30458
-8020
31397
4301
-31911
-460
31965
-3451
-31539
7370
30614
-11236
-29184
14977
27241
-18513
-24786
21758
21845
-24635
-18463
27064
14693
-28981
-10610
30321
6289
-31040
-1829
31098
-2675
-30480
7112
29180
-11375
-27218
15349
24627
-18931
-21466
22018
17804
-24521
-13738
26363
9371
-27487
-4827
27853
232
-27448
4275
26277
-8563
-24379
12497
21809
-15957
-18654
18831
15015
-21032
-11020
22489
6804
-23165
-2518
23042
-1690
-22143
5667
20510
-9275
-18223
12383
15381
-14890
-12111
16711
8551
-17797
-4857
18126
1183
-17715
2316
16607
-5500
-14883
8241
12643
-10440
-10016
12021
7141
-12947
-4170
13208
1246
-12835
1485
11883
-3904
-10445
5905
8624
-7418
-6551
8396
4354
-8834
-2169
8750
115
-8201
1698
7261
-3190
-6029
4300
4610
-5004
-3118
5301
1655
-5225
-319
4826
-818
-4180
1700
3366
-2304
-2473
2624
1579
-2686
-761
2526
69
-2204
457
1776
-806
-1308
981
853
-1006
-459
913
150
-748
57
549
-167
-357
195
196
-168
-85
110
22
-54
0
13
-1
0
